Объем производства промышленной продукции по видам экономической деятельности																																								
 (млн. сомов)																																								
				2014	I	II	III	IV	Jan.	Feb.	March	April	May	June	July	August	Sept.	Oct.	Nov.	Dec.	2015	I	II	III	IV	Jan.	Feb.	March	April	May	June	July	August	Sept.	Oct.	Nov.	Dec.			
																																								
																																								
									                  2014                																	2015														
по месяцам	2014			2014	I	II	III	IV	янв.	фев.	март	апр.	май	июнь	июль	авг.	сент.	окт.	нояб.	дек.	2015	I	II	III	IV	янв.	фев.	март	апр.	май	июнь	июль	авг.	сент.	окт.	нояб.	дек.			
																		                                                           																	                                                           					
Всего	171108,9	3 556,7	296,4	167 552,2	34 222,4	31 628,9	35 097,3	66 290,3	10 720,7	12 563,8	10 937,9	10 364,0	9 907,4	11 357,5	9 877,4	10 892,0	14 327,9	18 330,0	22 679,9	25 280,4		50 621,6	39 029,0	37 103,5		17 973,9	16 363,3	16 284,4	13 457,2	12 793,7	12 778,1	12 714,6	12 829,5	11 559,4	14 012,2					
		0,0	0,0																																					
I.Добыча полезных ископаемых	5597	-235,3	-19,6	5 832,3	850,2	1 165,3	1 600,6	2 060,5	296,4	267,8	286,0	492,1	366,0	307,2	433,3	480,7	686,6	604,8	647,6	808,1		1 766,4	1 862,8	2 025,2		845,6	237,2	683,6	473,7	627,5	761,6	503,2	745,2	776,8	516,8					
А.Добыча каменного угля и бурого угля (лигнита)	2147	31,7	2,6	2 115,3	296,9	313,3	590,3	914,7	131,8	72,3	92,8	129,0	102,7	81,6	115,2	203,3	271,8	274,8	311,5	328,4		474,4	324,0	536,4		192,4	111,9	170,1	77,1	80,0	166,9	99,4	166,2	270,8	265,7					
Б.Добыча сырой нефти и природного газа	2078	38,5	3,2	2 039,5	415,2	514,6	476,7	551,7	143,8	118,7	152,7	169,1	198,2	147,3	124,5	179,1	173,1	107,8	228,7	215,2		427,9	413,9	724,2		168,0	94,9	165,0	152,0	127,9	134,0	73,5	350,2	300,5	93,8					
В.Добыча металлических руд	831,7	69,6	5,8	762,1	49,4	136,6	259,3	316,8	0,0	49,4	0,0	136,6	0,0	0,0	107,3	7,9	144,1	120,4	19,1	177,3		768,7	901,3	492,8		464,6	5,5	298,6	180,0	364,0	357,3	247,5	142,0	103,3	56,7					
Г.Добыча прочих полезных ископаемых	539,3	-376,1	-31,3	915,4	88,6	200,9	274,3	277,1	20,8	27,4	40,4	57,4	65,2	78,3	86,2	90,4	97,7	101,7	88,3	87,1		95,2	223,3	271,8		20,6	24,7	49,9	64,5	55,5	103,3	82,7	87,0	102,1	100,6					
		0,0	0,0																																					
II.Обрабатывающие производства	140266,8	3 307,0	275,6	136 959,8	24 246,9	26 240,1	29 663,3	56 725,9	7 187,3	9 138,5	7 921,1	8 042,0	8 299,1	9 899,0	8 157,5	9 084,6	12 421,2	16 115,2	19 458,5	21 152,2		37 249,1	31 639,2	29 908,2		12 991,6	12 040,6	12 216,9	10 675,4	10 549,9	10 413,9	10 496,6	10 399,8	9 011,8	11 263,9					
А.Производство пищевых продуктов (включая напитки) и табачных изделий	24835,2	1 970,2	164,2	22 865,0	4 485,7	5 718,6	6 129,0	6 512,9	1 415,3	1 426,3	1 644,1	1 694,1	1 975,7	2 048,8	2 097,9	2 019,8	2 011,3	1 965,5	2 254,5	2 292,9		4 511,4	5 712,1	5 830,0		1 381,9	1 470,0	1 659,5	1 685,4	1 936,9	2 089,8	2 042,5	1 959,1	1 828,4	1 968,3					
"Б.Текстильное производство; производство одежды и обуви, кожи и прочих кожаных изделий"	6144,7	622,8	51,9	5 521,9	1 037,7	1 483,0	1 495,8	1 499,6	254,5	373,3	409,9	451,0	502,7	529,3	428,0	472,7	595,1	616,8	514,8	368,0		740,4	1 015,4	1 748,3		232,7	228,1	279,6	278,1	329,2	408,1	618,5	667,2	462,6	485,2					
"В.Производство деревянных и бумажных изделий; полиграфическая деятельность"	2041,4	40,5	3,4	2 000,9	413,3	488,4	508,6	586,0	132,8	127,9	152,6	166,8	149,1	172,5	169,0	167,6	172,0	184,4	166,7	234,9		357,2	466,1	646,3		97,4	117,4	142,4	157,3	148,0	160,8	151,3	281,7	213,3	257,3					
Г.Производство кокса и очищенных нефтепродуктов	3198,2	-408,6	-34,1	3 606,8	141,1	396,3	1 233,9	1 799,2	53,5	32,4	55,2	67,3	84,8	244,2	107,9	539,2	586,8	481,2	637,9	680,1		1 267,7	1 056,5	1 105,6		344,1	507,5	416,1	732,8	33,2	290,5	415,5	213,0	477,1	45,7					
Д.Производство химической продукции	1216,9	-3,7	-0,3	1 220,6	231,3	328,9	360,1	300,2	74,3	59,8	97,2	120,4	122,1	86,4	122,6	116,2	121,3	109,0	95,7	95,5		86,9	188,5	192,2		16,7	33,6	36,6	57,4	61,8	69,3	67,2	58,7	66,3	80,2					
Е.Производство фармацевтической продукции	173,9	2,6	0,2	171,3	37,9	39,3	47,1	47,1	12,1	13,3	12,5	10,2	10,3	18,8	11,0	13,5	22,6	14,2	11,7	21,2		41,7	50,3	53,1		13,4	11,9	16,4	14,5	17,3	18,5	16,4	17,2	19,5	22,5					
Ж.Производство резиновых и пластмассовых изделий, прочих неметаллических минеральных продуктов	17304,7	539,2	44,9	16 765,5	2 755,5	4 356,3	5 651,2	3 986,8	605,3	772,4	1 377,8	1 228,9	1 444,7	1 682,7	1 837,4	1 878,1	1 935,7	1 625,1	1 241,8	1 119,9		2 769,0	4 291,2	4 453,0		797,5	833,2	1 138,3	1 444,9	1 439,8	1 406,5	1 388,6	1 563,0	1 501,4	1 426,4					
З.Производство основных металлов и готовых металлических изделий, кроме машин и оборудования	80938,3	405,0	33,8	80 533,3	14 110,9	12 397,2	13 196,4	40 828,5	4 335,3	5 980,1	3 795,5	3 936,5	3 680,3	4 780,4	3 076,8	3 564,8	6 554,8	10 725,4	14 167,5	15 935,6		26 609,0	18 070,0	14 991,5		9 837,3	8 573,2	8 198,5	6 026,2	6 320,6	5 723,2	5 550,3	5 346,1	4 095,1	6 558,1					
И.Производство компьютеров, электронного и оптического оборудования	72,5	44,7	3,7	27,8	8,2	5,6	8,8	5,2	3,2	1,8	3,2	1,4	1,7	2,5	3,3	2,1	3,4	3,8	0,8	0,6		4,8	3,2	16,4		0,9	0,4	3,5	0,5	1,2	1,5	7,3	4,2	4,9	4,9					
К.Производство электрического оборудования	1867,7	17,2	1,4	1 850,5	473,0	449,1	400,6	527,8	152,2	155,7	165,1	176,2	153,4	119,5	104,7	124,4	171,5	188,6	161,0	178,2		423,2	318,3	404,3		138,0	125,7	159,5	122,7	108,1	87,5	91,7	142,6	170,0	200,7					
Л.Производство машин и оборудования	408,0	122,6	10,2	285,4	80,1	66,6	66,1	72,6	35,1	22,8	22,2	24,2	20,6	21,8	18,0	12,8	35,3	23,9	24,6	24,1		71,4	48,9	48,1		26,3	17,5	27,6	19,1	17,6	12,2	7,9	18,2	22,0	22,3					
М.Производство транспортных средств	746,8	0,4	0,0	746,4	164,7	196,7	193,4	191,6	37,4	62,4	64,9	56,8	64,8	75,1	74,9	59,2	59,3	74,6	54,2	62,8		132,7	175,8	128,8		34,2	46,7	51,8	59,5	50,3	66,0	50,7	37,0	41,1	63,8					
Н.Прочие производства, ремонт и установка машин и оборудования	1318,6	-45,6	-3,8	1 364,2	307,8	313,6	372,7	368,1	76,4	110,1	121,3	107,7	89,1	116,8	106,1	114,9	151,7	102,5	127,3	138,3		233,5	242,8	290,2		71,2	75,2	87,1	77,0	85,8	80,0	88,5	91,8	109,9	128,4					
		0,0	0,0																																					
III.Обеспечение электроэнергией, газом, паром и кондиционированным воздухом	23691,4	408,5	34,0	23 282,9	8 767,1	3 877,8	3 449,4	7 117,6	3 110,8	3 046,2	2 610,1	1 715,6	1 130,0	1 032,2	1 155,5	1 070,0	1 223,9	1 486,4	2 445,1	3 186,1		11 233,1	5 151,2	4 769,9		4 012,8	3 966,9	3 253,4	2 180,8	1 498,5	1 471,9	1 583,1	1 552,7	1 634,1	2 097,7					
А.Производство электроэнергии,ее передача и распределение	17573,5	350,8	29,2	17222,7	5 980,7	3 107,1	2 852,0	5 330,8	2124,3	2029,0	1827,4	1 290,9	946,6	869,6	963,3	871,7	1 017,0	1 247,1	1892,7	2 191,0		8 149,3	4 202,7	4 213,5		2801,3	2970,6	2377,4	1 687,5	1 223,1	1 292,1	1 385,7	1 366,3	1 461,5	1 835,6					
"Б,Производство газа; распределение газообразного топлива через системы газоснабжения"	3122,9	0,0	0,0	3122,9	1 369,1	639,6	422,0	692,1	468,9	471,3	428,9	362,8	140,1	136,7	136,0	139,5	146,5	148,3	176,9	366,9		1 400,0	729,2	343,5		533,4	450,4	416,2	366,5	234,8	127,9	128,2	115,7	99,6	149,1					
В.Обеспечение(снабжение) паром и кондиционированным воздухом	2995,0	57,8	4,8	2937,2	1 417,3	131,1	175,2	1 094,9	517,6	545,8	353,9	61,9	43,3	25,9	56,3	58,7	60,2	91,2	375,5	628,2		1 683,8	219,3	213,0		678,1	545,9	459,8	126,8	40,6	51,9	69,2	70,8	73,0	113,0					
		0,0	0,0																																					
IV.Водоснабжение, очистка, обработка отходов и получение вторичного сырья	1554,1	76,8	6,4	1477,3	358,0	345,9	384,0	386,2	126,1	111,4	120,5	114,5	112,1	119,3	131,0	128,0	125,0	123,6	128,7	133,9		372,9	375,8	400,0		123,9	118,6	130,4	127,3	117,8	130,7	131,6	131,7	136,7	133,7					
А.Сбор, обработка и распределение воды (водоснабжение)	1091,2	21,7	1,8	1069,5	265,8	245,3	274,4	280,5	89,2	87,6	89	83,5	82,4	79,4	92,3	88,4	93,7	91,0	93,4	96,1		276,2	256,8	295,5		93,9	89,1	93,2	87,9	80,8	88,1	96,6	97,9	101,0	98,8					
В.Сбор, обработка и уничтожение отходов, получение вторичного сырья	154,7	53,3	4,4	101,4	15,8	23,4	37,5	24,7	7,7	4,5	3,6	5,8	3,8	13,8	17,3	15,0	5,2	7,2	8,7	8,8		18,7	35,1	22,8		3,3	4,6	10,8	10,9	9,9	14,3	7,8	8,0	7,0	7,8					
Г.Обеззараживание и прочая обработка отходов	299,7	-5,9	-0,5	305,6	76,5	76,9	72,0	80,7	29,1	19,4	28	25,1	25,8	26,0	21,5	24,5	26,0	25,2	26,6	28,9		77,6	83,6	81,5		26,4	24,8	26,4	28,4	27,0	28,2	27,1	25,8	28,6	27,0					
																																								
																																								
																																								
																																								
																																								
																																								
																																								
																																								
																																								
																																								
																																								
																																								
																																								
																																								
																																								
																																								
																																								
																																								
																																								
																																								
																																								
																																								
																																								
																																								
																																								
																																								
																																								
																																								
																																								
																																								
																																								
																																								
																																								
																																								
																																								
																																								
																																								
																																								
																																								
																																								
																																								
																																								
																																								
																																								
																																								
																																								
																																								
																																								
																																								
																																								
																																								
																																								
																																								
																																								
																																								
																																								
																																								
																																								
																																								
																																								
																																								
																																								
																																								
																																								
																																								
																																								
																																								
																																								
																																								
																																								
																																								
																																								
																																								
																																								
																																								
																																								
																																								
																																								
																																								
																																								
																																								
																																								
																																								
																																								
																																								
																																								
																																								
																																								
																																								
																																								
																																								
																																								
																																								
																																								
																																								
																																								
																																								
																																								
																																								
